Wartosc statystyki chi-kwadrat: 5.198259478766729
Stopnie swobody: 5

[3.65595254 0.26367173 2.33360079 0.10549849 0.29976592 0.98215652
 0.23172783 1.60398349 1.16329084 0.02025775 0.73128886 0.61636848
 0.42595232 0.02269021 0.7605816  3.59770861 0.20930193 0.63340768
 1.05801895 0.04339989 0.34567671 0.62526818 1.36873276 0.32980221
 0.14023416 0.88961636 2.6966683  0.19792916 0.77492295 1.75476284
 1.31245184 1.24344202 0.70058794 0.31265446 0.11364257 2.68298307
 0.8291822  1.58946518 0.30226797 1.37303638 1.03422981 0.87310811
 0.00464151 0.3584788  1.49248215 0.02454328 3.00061511 0.24261148
 0.10388316 1.65364139 0.54741929 0.96697507 2.54802649 0.82358485
 0.98362343 0.5677418  0.22080895 0.58946913 2.92296498 1.17869311
 0.33496391 0.43241512 1.34216712 0.17294315 1.10404667 0.69607754
 0.82403032 2.41965225 0.59185912 0.22069863 3.18209194 0.00262463
 0.74737708 0.8133346  1.00237924 0.24286806 0.65680037 2.44148425
 1.3182357  1.61389948 0.03651845 0.18162708 2.39350817 1.86579517
 0.22415722 0.68233078 0.87511937 0.11483172 1.42731484 0.89816057
 1.12418553 0.89693083 0.28948431 2.51679148 1.84344175 0.50872625
 0.08271457 1.2538499  1.16715828 0.34317134]