Wartosc statystyki chi-kwadrat: 2.73187081125073
Stopnie swobody: 6

[-2.51489019  0.67923638  1.35996499 -0.340181   -0.76785555 -0.61157282
 -0.47129875  1.12043124  1.08116358 -0.18572103 -0.16555326  1.05493134
  0.3190216  -0.08205544 -1.21394555 -1.62360453  0.07900254 -0.20901562
 -0.97064742  0.15650925 -0.28986672  0.02477138 -1.61243391  0.19647201
  0.17216894  1.18968353 -0.59959016 -0.21370356  0.22660766  1.57221693
  0.45288491  1.5190651   0.41364639  0.3560821  -0.19713597  1.9200682
  1.04260352  1.78291645 -0.33451228 -1.54684903  0.7700699  -1.0152887
 -0.08929152 -0.39811098  1.61485842  0.17186216  1.16733772  0.28289688
  0.35487891  0.15261414  1.03970876 -1.34790685 -2.25526887  1.05603857
  0.4797424   0.98929648 -0.51001766  1.07005083  2.39567223 -1.53303709
  0.21637955  0.8575647  -1.50482305  0.41954158  0.91583412 -1.14402534
 -0.03805202  1.95134827 -0.16583854  0.63592058 -0.75039352 -0.03678534
  0.23758809 -1.12921521  0.32131967 -0.5733473   1.00693331  2.20830752
 -1.61456847 -1.25205937 -0.11858108  0.27633312 -0.94839867  1.8446823
  0.5063269   1.10521453 -0.61773171 -0.12901493  1.31573067  1.26729139
  0.51531309 -0.50833142  0.72066418 -0.03317548 -0.95833291 -0.88674137
 -0.40246286 -0.25022177  0.75836309 -0.55297727]