Wartosc statystyki chi-kwadrat: 2.4
Stopnie swobody: 7

[0.02583688 0.76822568 0.09694604 0.89987583 0.74099165 0.37450261
 0.79316197 0.20109387 0.31245624 0.97994606 0.48128827 0.53990155
 0.65314748 0.97756527 0.46739451 0.0273864  0.81115029 0.53077999
 0.34714284 0.9575284  0.70774125 0.5351179  0.25442918 0.71906594
 0.86915469 0.41081333 0.06742979 0.82042797 0.46073928 0.17294825
 0.26915931 0.28838986 0.49629343 0.73150263 0.89257693 0.06835893
 0.43640603 0.2040347  0.73913997 0.25333656 0.35550008 0.41765143
 0.99536924 0.69873844 0.22481394 0.97575545 0.04975645 0.78457628
 0.90133061 0.19135185 0.57844067 0.38023147 0.07823591 0.4388556
 0.37395365 0.56680395 0.80186986 0.55462164 0.05377401 0.30768058
 0.7153639  0.64893993 0.26127883 0.84118544 0.33152678 0.49853697
 0.43866015 0.08895255 0.55329768 0.80195833 0.04149875 0.99737881
 0.47360716 0.44337711 0.36700521 0.784375   0.51850772 0.08703158
 0.26760702 0.19910967 0.9641403  0.83391227 0.09130879 0.15477309
 0.79918948 0.50543755 0.41681226 0.89151616 0.23995237 0.4073182
 0.324917   0.40781941 0.74864954 0.08071818 0.15827176 0.60126095
 0.92061388 0.2854039  0.31125017 0.70951663]